0 0.055311 0.096510 0.037712 0.055616
0 0.174419 0.103053 0.065996 0.105780
0 0.300754 0.102508 0.083595 0.146129
0 0.424576 0.135769 0.049654 0.046892
0 0.540226 0.088877 0.043369 0.077426
0 0.781270 0.102508 0.065368 0.113413
0 0.029855 0.317884 0.030798 0.055616
0 0.078253 0.316249 0.029541 0.052345
0 0.030484 0.399673 0.034569 0.053435
0 0.078881 0.400763 0.033312 0.051254
0 0.172219 0.364231 0.075424 0.124318
0 0.432432 0.369138 0.061596 0.103599
0 0.674419 0.358779 0.043997 0.074155
0 0.948146 0.366957 0.057197 0.101418
0 0.054997 0.623773 0.067253 0.102508
0 0.149277 0.617775 0.029541 0.053435
0 0.196732 0.616140 0.031427 0.054526
0 0.299183 0.640676 0.017599 0.031625
0 0.841295 0.659760 0.077310 0.050164
0 0.978316 0.666303 0.025770 0.045802
0 0.330295 0.884951 0.091138 0.138495
0 0.453174 0.818430 0.062854 0.038168
0 0.534569 0.817884 0.073539 0.045802
0 0.451917 0.876227 0.067882 0.046892
0 0.530798 0.874591 0.063482 0.039258
0 0.451917 0.941112 0.069139 0.034896
0 0.533627 0.940022 0.067882 0.041439
0 0.657134 0.882225 0.072282 0.122137
0 0.805468 0.883315 0.072282 0.126499
0 0.942489 0.878953 0.062225 0.111232
