0 0.161654 0.039600 0.038847 0.035683
0 0.165414 0.109661 0.036341 0.034813
0 0.215226 0.110531 0.040727 0.038294
0 0.215226 0.042211 0.046992 0.046127
0 0.320489 0.077894 0.107143 0.143603
0 0.451441 0.076153 0.048246 0.075718
0 0.813596 0.083116 0.120927 0.157528
0 0.942982 0.083116 0.076441 0.122715
0 0.290414 0.254569 0.048246 0.067015
0 0.342419 0.257180 0.046992 0.072237
0 0.288847 0.327241 0.051378 0.064404
0 0.341792 0.326806 0.041980 0.067015
0 0.935464 0.292428 0.102757 0.149695
0 0.058271 0.505222 0.105263 0.150566
0 0.187343 0.502611 0.106516 0.154047
0 0.300439 0.478242 0.043233 0.068755
0 0.356516 0.452567 0.021303 0.036554
0 0.356203 0.505222 0.035714 0.047868
0 0.356830 0.558747 0.038221 0.052219
0 0.318296 0.556136 0.033835 0.053960
0 0.280388 0.555265 0.034461 0.055701
0 0.682331 0.505222 0.051378 0.080940
0 0.812343 0.505657 0.114662 0.160139
0 0.943296 0.534378 0.044486 0.040035
0 0.045426 0.668407 0.062030 0.033072
0 0.122807 0.667102 0.067669 0.032202
0 0.045426 0.711488 0.060777 0.033943
0 0.122807 0.712359 0.066416 0.037424
0 0.047619 0.766319 0.066416 0.040905
0 0.123434 0.761097 0.067669 0.037424
0 0.535088 0.695387 0.046366 0.066144
0 0.799812 0.716710 0.052005 0.063534
0 0.306704 0.934726 0.107143 0.076588
