0 0.133308 0.113953 0.042017 0.085271
0 0.369748 0.106202 0.071811 0.156589
0 0.588617 0.096124 0.055768 0.105426
0 0.862872 0.120155 0.045073 0.091473
0 0.080978 0.532558 0.053476 0.116279
0 0.282277 0.523256 0.029794 0.057364
0 0.405271 0.525581 0.029794 0.055814
0 0.461421 0.526357 0.021390 0.038760
0 0.462567 0.413953 0.014515 0.027907
0 0.404507 0.418605 0.017571 0.027907
0 0.526738 0.653488 0.028266 0.060465
0 0.462185 0.636434 0.030558 0.060465
0 0.797937 0.455814 0.045073 0.077519
0 0.122613 0.953488 0.025210 0.034109
0 0.326967 0.972868 0.025974 0.051163
