0 0.061333 0.100216 0.113948 0.191810
0 0.164072 0.053879 0.037983 0.064655
0 0.214197 0.053341 0.037360 0.057112
0 0.162827 0.142241 0.039228 0.058190
0 0.214819 0.143858 0.033624 0.059267
0 0.286426 0.093211 0.033624 0.054957
0 0.334994 0.094828 0.033624 0.049569
0 0.556351 0.096444 0.067870 0.126078
0 0.680884 0.099677 0.060399 0.106681
0 0.808531 0.101832 0.103985 0.188578
0 0.934309 0.099138 0.076588 0.137931
0 0.064446 0.362608 0.060399 0.110991
0 0.189601 0.355603 0.077833 0.129310
0 0.314757 0.360991 0.099004 0.172414
0 0.527397 0.306573 0.034869 0.054957
0 0.582503 0.305496 0.035492 0.059267
0 0.527086 0.401401 0.040473 0.065733
0 0.583126 0.403556 0.037983 0.063578
0 0.678394 0.361530 0.101494 0.169181
0 0.935243 0.361530 0.062267 0.106681
0 0.181507 0.628772 0.106476 0.182112
0 0.555729 0.622306 0.071606 0.110991
0 0.681818 0.625000 0.075965 0.131466
0 0.933686 0.629849 0.064134 0.119612
0 0.058531 0.896013 0.034869 0.061422
0 0.174035 0.886853 0.056663 0.090517
0 0.410025 0.890086 0.071606 0.120690
0 0.488481 0.853448 0.033001 0.064655
0 0.536115 0.851832 0.039851 0.072198
0 0.485367 0.934806 0.041719 0.063578
0 0.537049 0.939116 0.039228 0.065733
