0 0.298319 0.084485 0.028266 0.058372
0 0.474026 0.071429 0.078686 0.139785
0 0.658900 0.089862 0.034377 0.066052
0 0.889992 0.079109 0.050420 0.099846
0 0.022918 0.473886 0.027502 0.059908
0 0.067609 0.472350 0.020626 0.035330
0 0.070665 0.382488 0.011459 0.024578
0 0.069137 0.559140 0.022154 0.052227
0 0.122995 0.579109 0.022918 0.052227
0 0.266998 0.469278 0.092437 0.179724
0 0.732620 0.414747 0.039725 0.076805
0 0.906417 0.473118 0.028266 0.046083
0 0.092819 0.851767 0.066463 0.121352
0 0.324675 0.866359 0.053476 0.086022
0 0.897250 0.877112 0.031322 0.049155
