0 0.070401 0.124019 0.112036 0.222920
0 0.244512 0.116954 0.104466 0.211931
0 0.440954 0.128728 0.026495 0.062794
0 0.660484 0.124804 0.077971 0.164835
0 0.895534 0.116954 0.042392 0.083203
0 0.084406 0.486656 0.052233 0.100471
0 0.491673 0.493721 0.070401 0.142857
0 0.673732 0.465463 0.025738 0.048666
0 0.910295 0.501570 0.152157 0.277865
0 0.068887 0.864207 0.060560 0.120879
0 0.221802 0.885400 0.039364 0.069074
0 0.412566 0.875981 0.072672 0.150706
0 0.534444 0.843799 0.036336 0.070644
0 0.710447 0.898744 0.021953 0.042386
0 0.956094 0.879121 0.054504 0.119309
