0 0.332085 0.069665 0.107366 0.132275
0 0.812734 0.070988 0.116105 0.140212
0 0.946317 0.055115 0.053683 0.078483
0 0.082709 0.304674 0.140449 0.048501
0 0.376092 0.278660 0.029338 0.022928
0 0.230961 0.228395 0.018727 0.019400
0 0.639513 0.242063 0.040574 0.055556
0 0.640137 0.317460 0.033084 0.049383
0 0.693508 0.241623 0.027466 0.044092
0 0.960050 0.219577 0.042447 0.028219
0 0.901685 0.264109 0.044320 0.025573
0 0.938202 0.501323 0.044944 0.060847
0 0.055243 0.704586 0.055556 0.072310
0 0.339263 0.686949 0.073034 0.105820
0 0.063358 0.915785 0.051810 0.073192
0 0.196629 0.920635 0.108614 0.155203
