0 0.118831 0.114241 0.094913 0.181534
0 0.310554 0.125978 0.121488 0.236307
0 0.481397 0.109546 0.106302 0.209703
0 0.673880 0.115806 0.100987 0.203443
0 0.875854 0.135368 0.134396 0.236307
0 0.062263 0.482003 0.074412 0.147105
0 0.224374 0.497653 0.093394 0.172144
0 0.420273 0.496870 0.055429 0.117371
0 0.594913 0.498435 0.122248 0.245696
0 0.734244 0.506260 0.030372 0.064163
0 0.891420 0.503912 0.039484 0.068858
0 0.103265 0.845853 0.028853 0.054773
0 0.342825 0.870110 0.038724 0.081377
0 0.547456 0.877934 0.036446 0.068858
0 0.717540 0.859937 0.057707 0.107981
0 0.914199 0.877152 0.028853 0.051643
