0 0.029706 0.098942 0.033146 0.051852
0 0.079737 0.097354 0.031895 0.052910
0 0.149468 0.057672 0.035022 0.062434
0 0.202001 0.059259 0.036273 0.063492
0 0.149781 0.147619 0.034396 0.058201
0 0.203252 0.149735 0.037523 0.064550
0 0.424015 0.103704 0.060038 0.114286
0 0.555972 0.102646 0.061288 0.105820
0 0.680738 0.094180 0.075672 0.124868
0 0.806129 0.104762 0.071295 0.120635
0 0.934959 0.103175 0.080050 0.140741
0 0.061288 0.357672 0.065041 0.107937
0 0.157286 0.304233 0.036898 0.060317
0 0.214196 0.305291 0.041901 0.060317
0 0.158537 0.402116 0.036898 0.061376
0 0.214822 0.400529 0.036898 0.064550
0 0.568168 0.357672 0.065666 0.105820
0 0.820513 0.361376 0.037523 0.064550
0 0.916823 0.314286 0.032520 0.061376
0 0.963415 0.314286 0.033146 0.059259
0 0.918074 0.391005 0.033771 0.056085
0 0.964353 0.389947 0.032520 0.060317
0 0.061914 0.622751 0.113821 0.191534
0 0.192933 0.625926 0.084428 0.138624
0 0.686992 0.616931 0.116948 0.190476
0 0.803315 0.623280 0.064415 0.107937
0 0.053471 0.882011 0.073171 0.121693
0 0.170106 0.885185 0.101313 0.172487
0 0.287054 0.883598 0.040025 0.074074
0 0.397436 0.884656 0.058161 0.103704
0 0.506254 0.883069 0.066917 0.119577
0 0.621013 0.881481 0.067542 0.120635
0 0.730144 0.882540 0.060663 0.103704
